10 36 6e-06 32 1.1e-05 32 1.2e-05
10 4 3e-06 2 6e-06 2 5e-06
10 4 3e-06 2 4e-06 2 3e-06
10 4 3e-06 2 4e-06 2 3e-06
10 4 3e-06 2 5e-06 2 3e-06
50 20 5e-06 18 1.5e-05 18 1.4e-05
50 20 6e-06 18 1.5e-05 18 1.4e-05
50 20 4e-06 18 1.4e-05 18 1.4e-05
50 20 4e-06 18 1.4e-05 18 1.2e-05
50 20 3e-06 18 1.2e-05 18 1.1e-05
100 40 6e-06 38 2.2e-05 38 2.2e-05
100 40 5e-06 38 2.3e-05 38 2.2e-05
100 40 6e-06 38 2.2e-05 38 2.2e-05
100 40 5e-06 38 2.2e-05 38 2.2e-05
100 40 6e-06 38 2.3e-05 38 2.3e-05
500 200 2.2e-05 198 0.000218 198 0.000216
500 200 1.8e-05 198 0.000177 198 0.000178
500 200 1.7e-05 198 0.000178 198 0.000179
500 200 1.7e-05 198 0.000178 198 0.000177
500 200 1.8e-05 198 0.000178 198 0.000177
1000 400 2.9e-05 398 0.000541 398 0.000537
1000 400 2.9e-05 398 0.00053 398 0.00053
1000 400 2.9e-05 398 0.00046 398 0.000461
1000 400 2.6e-05 398 0.000461 398 0.000461
1000 400 2.2e-05 398 0.000408 398 0.000409
3000 1200 5.9e-05 1198 0.003 1198 0.002844
3000 1200 5e-05 1198 0.00253 1198 0.002532
3000 1200 4.7e-05 1198 0.002361 1198 0.002366
3000 1200 4.3e-05 1198 0.00219 1198 0.002197
3000 1200 4.2e-05 1198 0.002142 1198 0.002134
5000 2000 7e-05 1998 0.005803 1998 0.005978
5000 2000 7.2e-05 1998 0.005832 1998 0.005646
5000 2000 6.8e-05 1998 0.005582 1998 0.005582
5000 2000 6.9e-05 1998 0.005594 1998 0.005582
5000 2000 6.6e-05 1998 0.005567 1998 0.005586
8000 3200 0.000109 3198 0.014146 3198 0.014211
8000 3200 0.000105 3198 0.01416 3198 0.014157
8000 3200 0.000106 3198 0.014198 3198 0.014158
8000 3200 0.000106 3198 0.014154 3198 0.014154
8000 3200 0.000105 3198 0.014191 3198 0.014157
10000 4000 0.000141 3998 0.023208 3998 0.02234
10000 4000 0.000133 3998 0.023086 3998 0.0221
10000 4000 0.000144 3998 0.023357 3998 0.024497
10000 4000 0.000145 3998 0.02272 3998 0.022048
10000 4000 0.000133 3998 0.023041 3998 0.023703
